101  30  0.297029702970297  10000  True  87  9  9  5000
101  30  0.297029702970297  10000  True  114  7  7  5010
101  30  0.297029702970297  10000  True  96  9  9  5015
101  30  0.297029702970297  10000  True  205  1  -9  5020
101  30  0.297029702970297  10000  True  208  -1  -17  5025
101  30  0.297029702970297  10000  True  139  7  7  5030
1001  250  0.24975024975024976  10000  True  211  -41  -83  0
1001  250  0.24975024975024976  10000  True  112  27  27  1
1001  250  0.24975024975024976  10000  True  208  -39  -81  2
1001  250  0.24975024975024976  10000  True  207  -37  -69  3
1001  250  0.24975024975024976  10000  True  210  -31  -75  4
1001  250  0.24975024975024976  10000  True  211  -47  -67  5
1001  250  0.24975024975024976  10000  True  211  -31  -81  6
1001  250  0.24975024975024976  10000  True  125  29  29  7
1001  250  0.24975024975024976  10000  True  213  -41  -57  8
1001  250  0.24975024975024976  10000  True  209  -53  -79  9
1001  250  0.24975024975024976  10000  True  208  -49  -75  10
1001  250  0.24975024975024976  10000  True  209  -37  -83  11
1001  250  0.24975024975024976  10000  True  212  -37  -69  12
1001  250  0.24975024975024976  10000  True  210  -59  -61  13
1001  250  0.24975024975024976  10000  True  208  -43  -77  14
1001  250  0.24975024975024976  10000  True  210  -35  -65  15
1001  250  0.24975024975024976  10000  True  212  -41  -69  16
1001  250  0.24975024975024976  10000  True  209  -29  -83  17