1001  300  0.2997002997002997  10000  True  126  25  25  0
1001  300  0.2997002997002997  10000  True  210  -35  -87  1
1001  300  0.2997002997002997  10000  True  207  -31  -83  2
1001  300  0.2997002997002997  10000  True  211  -41  -91  3
1001  300  0.2997002997002997  10000  True  211  -67  -81  4
1001  300  0.2997002997002997  10000  True  210  -41  -71  5
1001  300  0.2997002997002997  10000  True  119  25  25  6
1001  300  0.2997002997002997  10000  True  210  -33  -73  7
1001  300  0.2997002997002997  10000  True  210  -43  -67  8
1001  300  0.2997002997002997  10000  True  212  -39  -67  9
1001  300  0.2997002997002997  10000  True  208  -61  -77  10
1001  300  0.2997002997002997  10000  True  210  -39  -77  11
1001  300  0.2997002997002997  10000  True  189  23  21  12
1001  300  0.2997002997002997  10000  True  200  -65  -161  13
1001  300  0.2997002997002997  10000  True  113  23  23  14
1001  300  0.2997002997002997  10000  True  209  -43  -77  15
1001  300  0.2997002997002997  10000  True  212  -31  -167  16
1001  300  0.2997002997002997  10000  True  126  23  23  17
1001  300  0.2997002997002997  10000  True  207  -37  -109  18
1001  300  0.2997002997002997  10000  True  199  -43  -149  19