Results:
N  M  Alpha  Max_Iterations  Converged  Iterations_To_Converge  Delta_max  Delta_convergence  Random_seed
101  30  0.297029702970297  10000  True  209  -5  -11  5001
101  30  0.297029702970297  10000  True  208  -7  -7  5006
101  30  0.297029702970297  10000  True  206  -7  -15  5011
101  30  0.297029702970297  10000  True  207  3  -11  5016
101  30  0.297029702970297  10000  True  210  -7  -19  5021
101  30  0.297029702970297  10000  True  98  7  7  5026
101  30  0.297029702970297  10000  True  206  -7  -11  5031
101  30  0.297029702970297  10000  True  208  -5  -7  5036
101  30  0.297029702970297  10000  True  111  7  7  5041
101  30  0.297029702970297  10000  True  115  7  7  5046
101  30  0.297029702970297  10000  True  104  9  9  5051
101  30  0.297029702970297  10000  True  97  7  7  5056
101  30  0.297029702970297  10000  True  209  -9  -11  5061
101  30  0.297029702970297  10000  True  97  9  9  5066
101  30  0.297029702970297  10000  True  102  9  9  5071
101  30  0.297029702970297  10000  True  207  -9  -13  5076
101  30  0.297029702970297  10000  True  213  -9  -15  5081
101  30  0.297029702970297  10000  True  138  9  9  5086
101  30  0.297029702970297  10000  True  94  9  9  5091
101  30  0.297029702970297  10000  True  208  -5  -11  5096
101  30  0.297029702970297  10000  True  205  -9  -13  5101
101  30  0.297029702970297  10000  True  103  9  9  5106
101  30  0.297029702970297  10000  True  88  9  9  5111
101  30  0.297029702970297  10000  True  211  -5  -9  5116
101  30  0.297029702970297  10000  True  208  -7  -7  5121
101  30  0.297029702970297  10000  True  96  9  9  5126
101  30  0.297029702970297  10000  True  208  -11  -11  5131
101  30  0.297029702970297  10000  True  125  7  7  5136
101  30  0.297029702970297  10000  True  210  -3  -11  5141
101  30  0.297029702970297  10000  True  207  -1  -7  5146
101  30  0.297029702970297  10000  True  210  -5  -13  5151
101  30  0.297029702970297  10000  True  211  -7  -11  5156
101  30  0.297029702970297  10000  True  209  1  -13  5161
101  30  0.297029702970297  10000  True  208  -7  -11  5166
101  30  0.297029702970297  10000  True  215  -7  -25  5171
101  30  0.297029702970297  10000  True  147  7  7  5176
101  30  0.297029702970297  10000  True  87  9  9  5181
101  30  0.297029702970297  10000  True  91  11  11  5186
101  30  0.297029702970297  10000  True  101  7  7  5191
101  30  0.297029702970297  10000  True  206  -7  -11  5196
101  30  0.297029702970297  10000  True  158  9  9  5201
101  30  0.297029702970297  10000  True  211  -3  -3  5206
101  30  0.297029702970297  10000  True  117  9  9  5211
101  30  0.297029702970297  10000  True  124  5  5  5216
101  30  0.297029702970297  10000  True  211  -11  -13  5221
101  30  0.297029702970297  10000  True  207  -3  -17  5226
101  30  0.297029702970297  10000  True  207  -5  -17  5231
101  30  0.297029702970297  10000  True  208  -5  -9  5236
101  30  0.297029702970297  10000  True  205  -9  -11  5241
101  30  0.297029702970297  10000  True  93  9  9  5246
101  30  0.297029702970297  10000  True  100  7  7  5251
101  30  0.297029702970297  10000  True  205  -1  -11  5256
101  30  0.297029702970297  10000  True  210  -3  -11  5261
101  30  0.297029702970297  10000  True  212  -11  -17  5266
101  30  0.297029702970297  10000  True  108  7  7  5271
101  30  0.297029702970297  10000  True  110  7  7  5276
101  30  0.297029702970297  10000  True  207  -7  -9  5281
101  30  0.297029702970297  10000  True  215  -5  -7  5286
101  30  0.297029702970297  10000  True  210  1  -17  5291
101  30  0.297029702970297  10000  True  98  7  7  5296
101  30  0.297029702970297  10000  True  190  7  7  5301
101  30  0.297029702970297  10000  True  93  9  9  5306
101  30  0.297029702970297  10000  True  209  -7  -11  5311
101  30  0.297029702970297  10000  True  208  -1  -11  5316
101  30  0.297029702970297  10000  True  207  -1  -7  5321
101  30  0.297029702970297  10000  True  209  -5  -7  5326
101  30  0.297029702970297  10000  True  207  1  -11  5331
101  30  0.297029702970297  10000  True  140  9  9  5336
101  30  0.297029702970297  10000  True  210  -1  -11  5341
101  30  0.297029702970297  10000  True  213  -1  -17  5346
101  30  0.297029702970297  10000  True  110  7  7  5351
101  30  0.297029702970297  10000  True  209  -3  -7  5356
101  30  0.297029702970297  10000  True  114  11  11  5361
101  30  0.297029702970297  10000  True  207  -3  -7  5366
101  30  0.297029702970297  10000  True  205  -7  -11  5371
101  30  0.297029702970297  10000  True  205  -1  -13  5376
101  30  0.297029702970297  10000  True  107  9  9  5381
101  30  0.297029702970297  10000  True  100  7  7  5386
101  30  0.297029702970297  10000  True  117  7  7  5391
101  30  0.297029702970297  10000  True  206  -1  -13  5396
101  30  0.297029702970297  10000  True  97  9  9  5401
101  30  0.297029702970297  10000  True  102  9  9  5406
101  30  0.297029702970297  10000  True  210  -11  -15  5411
101  30  0.297029702970297  10000  True  104  9  9  5416
101  30  0.297029702970297  10000  True  90  9  9  5421
101  30  0.297029702970297  10000  True  105  9  9  5426
101  30  0.297029702970297  10000  True  122  7  7  5431
101  30  0.297029702970297  10000  True  102  9  9  5436
101  30  0.297029702970297  10000  True  102  9  7  5441
101  30  0.297029702970297  10000  True  109  7  7  5446
101  30  0.297029702970297  10000  True  208  -7  -13  5451
101  30  0.297029702970297  10000  True  115  7  7  5456
101  30  0.297029702970297  10000  True  208  -9  -11  5461
101  30  0.297029702970297  10000  True  208  -1  -13  5466
101  30  0.297029702970297  10000  True  207  -5  -9  5471
101  30  0.297029702970297  10000  True  209  -7  -13  5476
101  30  0.297029702970297  10000  True  102  7  7  5481
101  30  0.297029702970297  10000  True  211  -7  -11  5486
101  30  0.297029702970297  10000  True  112  7  7  5491
101  30  0.297029702970297  10000  True  206  -7  -15  5496
101  40  0.39603960396039606  10000  True  208  -7  -17  6001
101  40  0.39603960396039606  10000  True  130  5  5  6006
101  40  0.39603960396039606  10000  True  207  -11  -27  6011
101  40  0.39603960396039606  10000  True  214  -7  -17  6016
101  40  0.39603960396039606  10000  True  105  3  3  6021
101  40  0.39603960396039606  10000  True  206  -13  -15  6026
101  40  0.39603960396039606  10000  True  207  -1  -15  6031
101  40  0.39603960396039606  10000  True  208  -7  -15  6036
101  40  0.39603960396039606  10000  True  100  7  7  6041
101  40  0.39603960396039606  10000  True  193  5  5  6046
101  40  0.39603960396039606  10000  True  208  -5  -13  6051
101  40  0.39603960396039606  10000  True  208  -7  -13  6056
101  40  0.39603960396039606  10000  True  210  -9  -17  6061
101  40  0.39603960396039606  10000  True  207  -7  -15  6066
101  40  0.39603960396039606  10000  True  206  -5  -17  6071
101  40  0.39603960396039606  10000  True  98  7  7  6076
101  40  0.39603960396039606  10000  True  100  5  5  6081
101  40  0.39603960396039606  10000  True  208  -11  -17  6086
101  40  0.39603960396039606  10000  True  115  5  5  6091
101  40  0.39603960396039606  10000  True  112  5  5  6096
101  40  0.39603960396039606  10000  True  108  7  7  6101
101  40  0.39603960396039606  10000  True  111  5  5  6106
101  40  0.39603960396039606  10000  True  211  -11  -15  6111
101  40  0.39603960396039606  10000  True  95  7  7  6116
101  40  0.39603960396039606  10000  True  208  -9  -17  6121
101  40  0.39603960396039606  10000  True  214  -7  -11  6126
101  40  0.39603960396039606  10000  True  207  -5  -23  6131
101  40  0.39603960396039606  10000  True  208  -3  -29  6136
101  40  0.39603960396039606  10000  True  208  -5  -13  6141
101  40  0.39603960396039606  10000  True  209  -7  -19  6146
101  40  0.39603960396039606  10000  True  208  -5  -5  6151
101  40  0.39603960396039606  10000  True  153  5  5  6156
101  40  0.39603960396039606  10000  True  98  7  7  6161
101  40  0.39603960396039606  10000  True  101  7  7  6166
101  40  0.39603960396039606  10000  True  209  -3  -17  6171
101  40  0.39603960396039606  10000  True  208  -11  -21  6176
101  40  0.39603960396039606  10000  True  208  -9  -11  6181
101  40  0.39603960396039606  10000  True  103  3  3  6186
101  40  0.39603960396039606  10000  True  208  -15  -19  6191
101  40  0.39603960396039606  10000  True  205  -9  -11  6196
101  40  0.39603960396039606  10000  True  127  5  5  6201
101  40  0.39603960396039606  10000  True  208  -3  -17  6206
101  40  0.39603960396039606  10000  True  102  7  7  6211
101  40  0.39603960396039606  10000  True  123  5  5  6216
101  40  0.39603960396039606  10000  True  209  -7  -19  6221
101  40  0.39603960396039606  10000  True  106  5  5  6226
101  40  0.39603960396039606  10000  True  95  5  5  6231
101  40  0.39603960396039606  10000  True  124  7  7  6236
101  40  0.39603960396039606  10000  True  167  7  5  6241
101  40  0.39603960396039606  10000  True  153  3  3  6246
101  40  0.39603960396039606  10000  True  111  5  5  6251
101  40  0.39603960396039606  10000  True  97  5  5  6256
101  40  0.39603960396039606  10000  True  111  5  5  6261
101  40  0.39603960396039606  10000  True  208  -5  -13  6266
101  40  0.39603960396039606  10000  True  208  -7  -11  6271
101  40  0.39603960396039606  10000  True  107  5  5  6276
101  40  0.39603960396039606  10000  True  207  -5  -21  6281
101  40  0.39603960396039606  10000  True  206  -5  -11  6286
101  40  0.39603960396039606  10000  True  207  -7  -13  6291
101  40  0.39603960396039606  10000  True  206  -9  -11  6296
101  40  0.39603960396039606  10000  True  210  -13  -15  6301
101  40  0.39603960396039606  10000  True  113  5  5  6306
101  40  0.39603960396039606  10000  True  112  3  3  6311
101  40  0.39603960396039606  10000  True  88  5  5  6316
101  40  0.39603960396039606  10000  True  108  7  7  6321
101  40  0.39603960396039606  10000  True  121  5  5  6326
101  40  0.39603960396039606  10000  True  103  5  5  6331
101  40  0.39603960396039606  10000  True  208  -7  -13  6336
101  40  0.39603960396039606  10000  True  92  5  5  6341
101  40  0.39603960396039606  10000  True  106  5  5  6346
101  40  0.39603960396039606  10000  True  102  5  5  6351
101  40  0.39603960396039606  10000  True  115  3  3  6356
101  40  0.39603960396039606  10000  True  209  -13  -15  6361
101  40  0.39603960396039606  10000  True  105  7  7  6366
101  40  0.39603960396039606  10000  True  100  5  5  6371
101  40  0.39603960396039606  10000  True  208  -11  -27  6376
101  40  0.39603960396039606  10000  True  112  5  5  6381
101  40  0.39603960396039606  10000  True  209  -5  -17  6386
101  40  0.39603960396039606  10000  True  209  -5  -11  6391
101  40  0.39603960396039606  10000  True  207  -5  -13  6396
101  40  0.39603960396039606  10000  True  103  5  5  6401
101  40  0.39603960396039606  10000  True  136  5  5  6406
101  40  0.39603960396039606  10000  True  208  -9  -11  6411
101  40  0.39603960396039606  10000  True  208  -11  -11  6416
101  40  0.39603960396039606  10000  True  207  -11  -13  6421
101  40  0.39603960396039606  10000  True  206  -9  -21  6426
101  40  0.39603960396039606  10000  True  88  7  7  6431
101  40  0.39603960396039606  10000  True  206  -7  -15  6436
101  40  0.39603960396039606  10000  True  210  -1  -11  6441
101  40  0.39603960396039606  10000  True  110  5  5  6446
101  40  0.39603960396039606  10000  True  92  7  7  6451