
5  3  0.6  False  -1  -5  112  1000

5  3  0.6  False  -1  -5  112  1000


5  3  0.6  True  -1  -1  112  10000

5  3  0.6  True  -1  -1  112  10000

5  3  0.6  True  -1  -1  112  10000

5  3  0.6  True  -1  -1  112  10000

5  3  0.6  True  -1  -1  112  10000

5  3  0.6  True  -1  -1  112  10000

5  3  0.6  False  -1  -5  112  10000

10  7  0.7  True  -2  -2  112  10000

10  7  0.7  True  -2  -2  112  10000

5  3  0.6  True  -1  -1  112  10000

5  3  0.6  True  -1  -1  112  10000

5  3  0.6  True  -1  -1  112  10000

5  3  0.6  True  -1  -1  112  10000

5  3  0.6  True  -1  -1  112  10000

5  3  0.6  True  -1  -1  112  10000

5  3  0.6  True  -1  -1  112  10000

5  3  0.6  True  -1  -1  112  10000

5  3  0.6  True  -1  -1  112  10000

5  3  0.6  True  -1  -1  112  10000

5  3  0.6  True  -1  -1  112  10000

5  3  0.6  True  -1  -1  112  10000
